ISS (ZARYA)             
1 25544U 98067A   19157.86903970  .00000331  00000-0  13400-4 0  9994
2 25544  51.6444  52.5073 0007932  21.5267  22.2776 15.51172923173656
TIANGONG-2              
1 41765U 16057A   19157.95503192  .00003123  00000-0  39617-4 0  9998
2 41765  42.7847  27.8556 0007554 204.3474 245.5985 15.61669838155445
BANXING-2               
1 41834U 16057H   19157.70901035  .00151915  18957-4  17920-3 0  9995
2 41834  42.7740 254.5536 0015097  12.9773 110.1212 16.07641135150960
ALTAIR PATHFINDER       
1 42711U 98067LS  19157.77077699  .00032730  00000-0  17563-3 0  9990
2 42711  51.6346 351.5754 0002463 115.5166 244.6090 15.79954354117200
ZA-AEROSAT              
1 42713U 98067LU  19151.03730059  .02928871  12128-4  58594-3 0  9990
2 42713  51.6172 356.2792 0012791 275.7272  84.2292 16.30383675116521
NJUST-1                 
1 42722U 98067MB  19157.72534361  .00140936  19255-4  31108-3 0  9996
2 42722  51.6345 332.0581 0005221 218.5205 228.1214 15.97724912116520
NSIGHT                  
1 42726U 98067MF  19157.81650660  .00017730  00000-0  14331-3 0  9999
2 42726  51.6369   9.4352 0005415 130.6371 229.5098 15.70912608115957
KESTREL EYE IIM (KE2M)  
1 42982U 98067NE  19157.89893143  .00006639  00000-0  78673-4 0  9992
2 42982  51.6381  31.7925 0004886  99.5295 260.6251 15.62593263 92075
ASTERIA                 
1 43020U 98067NH  19157.89672442  .00021421  00000-0  17796-3 0  9997
2 43020  51.6433  19.9188 0002654  92.7328 267.3974 15.70112029 88009
DELLINGR (RBLE)         
1 43021U 98067NJ  19157.88298160  .00007136  00000-0  83033-4 0  9993
2 43021  51.6391  31.7246 0002851  73.0743 287.0564 15.62933687 87849
1KUNS-PF                
1 43466U 98067NP  19157.91683646  .00016441  00000-0  16414-3 0  9994
2 43466  51.6379  34.1775 0001702 102.8394 257.2792 15.65780099 61078
UBAKUSAT                
1 43467U 98067NQ  19157.83734325  .00008797  00000-0  10245-3 0  9998
2 43467  51.6382  38.1449 0002643  49.5365 310.5859 15.62555982 61025
BATSU-CS1 (IRAZU)       
1 43468U 98067NR  19157.92670655  .00023382  00000-0  20744-3 0  9996
2 43468  51.6371  31.2240 0001793 113.6504 246.4682 15.68448547161105
CUBERRT                 
1 43546U 98067NU  19157.88663438  .00026313  00000-0  27726-3 0  9993
2 43546  51.6386  39.2217 0005970  92.2273 267.9406 15.64054447 51148
TEMPEST-D               
1 43547U 98067NV  19157.92487336  .00003953  00000-0  58657-4 0  9993
2 43547  51.6395  45.4752 0006402  80.8606 279.3110 15.57836191 50746
RAINCUBE                
1 43548U 98067NW  19157.88565264  .00010371  00000-0  12620-3 0  9997
2 43548  51.6377  42.2018 0006423  93.3875 266.7853 15.61162015 51238
HALOSAT                 
1 43549U 98067NX  19157.88907259  .00011948  00000-0  14488-3 0  9997
2 43549  51.6384  42.2342 0006368  94.9539 265.2181 15.61079712 50798
RADIX                   
1 43550U 98067NY  19157.89393710  .00020556  00000-0  20544-3 0  9996
2 43550  51.6361  37.7283 0005362 111.5441 248.6127 15.65562866 51314
ENDUROSAT ONE           
1 43551U 98067NZ  19157.92180344  .00011707  00000-0  13422-3 0  9993
2 43551  51.6384  40.2073 0006723 103.1896 256.9848 15.62568185 51239
EQUISAT                 
1 43552U 98067PA  19157.89301287  .00010002  00000-0  12077-3 0  9993
2 43552  51.6395  41.5322 0007016 101.3856 258.7927 15.61412724 51172
1998-067PB              
1 43553U 98067PB  19157.92917437  .00008026  00000-0  10240-3 0  9991
2 43553  51.6410  42.5459 0007155  99.7207 260.4595 15.60283491 51219
1998-067PC              
1 43554U 98067PC  19157.89535122  .00012987  00000-0  14663-3 0  9999
2 43554  51.6385  40.0305 0006796 102.3137 257.8619 15.62848208 50779
AEROCUBE 12A            
1 43556U 18046C   19157.88477104  .00001774  00000-0  75306-4 0  9998
2 43556  51.6420 113.2876 0008718  30.5775 329.5712 15.28675058 49753
AEROCUBE 12B            
1 43557U 18046D   19157.43964053  .00000934  00000-0  45814-4 0  9992
2 43557  51.6416 115.5630 0008767  29.5772 330.5703 15.28546592 49630
LEMUR-2-VU              
1 43558U 18046E   19157.81025859  .00002145  00000-0  86843-4 0  9990
2 43558  51.6423 112.8148 0008216  31.6121 328.5351 15.29289843 49746
LEMUR-2-ALEXANDER       
1 43559U 18046F   19157.93394734  .00001744  00000-0  72757-4 0  9998
2 43559  51.6424 112.1430 0008276  32.3230 327.8256 15.29382871 49549
LEMUR-2-YUASA           
1 43560U 18046G   19157.87885122  .00002107  00000-0  85570-4 0  9990
2 43560  51.6422 112.5159 0008690  44.3533 315.8142 15.29267860 49754
LEMUR-2-TOMHENDERSON    
1 43561U 18046H   19157.87556642  .00001998  00000-0  81843-4 0  9999
2 43561  51.6423 112.4960 0008530  44.3401 315.8261 15.29253010 49318
SIRIUSSAT-1             
1 43595U 98067PG  19157.92743974  .00009930  00000-0  12286-3 0  9997
2 43595  51.6372  43.2188 0004277  74.9493 285.1974 15.60788632 46006
SIRIUSSAT-2             
1 43596U 98067PH  19157.89257914  .00010648  00000-0  13210-3 0  9994
2 43596  51.6384  43.7679 0004846  74.1224 286.0303 15.60625486 45996
TANUSHA-3               
1 43597U 98067PJ  19157.90136231  .00013261  00000-0  15424-3 0  9998
2 43597  51.6367  42.2704 0004519  88.7748 271.3764 15.62064723 46015
1998-067PK              
1 43598U 98067PK  19157.90032975  .00013840  00000-0  15987-3 0  9996
2 43598  51.6376  42.2815 0004732  86.5197 273.6338 15.62198559 46017
1998-067PN              
1 43638U 98067PN  19157.93025848  .00005744  00000-0  82348-4 0  9995
2 43638  51.6393  47.0119 0003422  63.4639 296.6704 15.57787045 37886
1998-067PP              
1 43639U 98067PP  19157.89832280  .00008724  00000-0  11607-3 0  9997
2 43639  51.6397  46.0521 0005971  63.2541 296.9062 15.59034659 37897
STARS-ME                
1 43640U 98067PQ  19157.94753071  .00006981  00000-0  96660-4 0  9991
2 43640  51.6380  46.3763 0006067  59.8584 300.3009 15.58334313 37897
SOYUZ-MS 11             
1 43756U 18098A   19157.36252497  .00000648  00000-0  18718-4 0  9999
2 43756  51.6444  55.0218 0007971  19.6466  73.7972 15.51172477173576
ISS DEB (SEDA-AP)       
1 43870U 98067PU  19157.72792285  .00002599  00000-0  44678-4 0  9995
2 43870  51.6435  50.9046 0005767  81.0890 279.0774 15.55286781 25981
CATSAT-2                
1 44029U 98067PV  19157.86034935  .00008375  00000-0  12396-3 0  9997
2 44029  51.6403  50.3022 0005831 101.8192 258.3454 15.56201052 19739
DELPHINI                
1 44030U 98067PW  19157.92006225  .00008284  00000-0  12210-3 0  9991
2 44030  51.6393  49.9429 0005584 101.6687 258.4931 15.56333814 19717
UNITE                   
1 44031U 98067PX  19157.88555235  .00005455  00000-0  85232-4 0  9999
2 44031  51.6397  50.4638 0004176  98.4799 261.6666 15.55527734 19709
TECHEDSAT 8             
1 44032U 98067PY  19157.93863963  .00019160  00000-0  24594-3 0  9997
2 44032  51.6391  48.5694 0004838 100.8927 259.2610 15.59139486 19710
CATSAT-1                
1 44033U 98067PZ  19157.92451862  .00008233  00000-0  12198-3 0  9994
2 44033  51.6402  49.9809 0005649 102.3004 257.8620 15.56200935 19654
SOYUZ-MS 12             
1 44069U 19013A   19157.36252497  .00000648  00000-0  18718-4 0  9995
2 44069  51.6444  55.0218 0007971  19.6466  73.7972 15.51172477173574
PROGRESS-MS 11          
1 44110U 19019A   19157.36252497  .00000648  00000-0  18718-4 0  9998
2 44110  51.6444  55.0218 0007971  19.6466  73.7972 15.51172477173571
CYGNUS NG-11            
1 44188U 19022A   19157.36252497  .00000648  00000-0  18718-4 0  9997
2 44188  51.6444  55.0218 0007971  19.6466  73.7972 15.51172477173576
1998-067QA              
1 44303U 98067QA  19157.92405063  .00002635  00000-0  51497-4 0  9992
2 44303  51.6434  52.2209 0006342  18.4881 341.6338 15.51495184  1253
1998-067QB              
1 44304U 98067QB  19157.34333501  .00008464  00000-0  14685-3 0  9999
2 44304  51.6430  55.0966 0006631 359.1046   0.9931 15.51740552  1177
1998-067QC              
1 44305U 98067QC  19157.34141877  .00009942  00000-0  16865-3 0  9997
2 44305  51.6398  55.0800 0006054  49.1840 310.9674 15.52153184  1173
1998-067QD              
1 44306U 98067QD  19157.34506558  .00003085  00000-0  59268-4 0  9996
2 44306  51.6419  55.1045 0007746  11.2910 348.8252 15.51344551  1178
